# Created by Octave 6.1.0, Tue Jan 26 12:21:13 2021 GMT <unknown@DESKTOP-H35Q1LE>
# name: A
# type: matrix
# rows: 2
# columns: 3
 1 2 3
 3 6 9


# name: B
# type: matrix
# rows: 3
# columns: 4
 0 0 0 0
 0 0 0 0
 0 0 0 0


# name: C
# type: matrix
# rows: 2
# columns: 5
 6 6 6 6 6
 6 6 6 6 6


# name: D
# type: matrix
# rows: 1
# columns: 5
 0.19580140766056264 0.17831502173449232 0.87138633745761507 0.60821436576775956 0.38781152434495714


# name: E
# type: matrix
# rows: 3
# columns: 3
 0.35332229405765064 0.80818551568122998 0.22548048751182331
 0.060929787164857981 -1.0298345770445938 -0.45520300086950433
 -0.86177999791552584 -0.78932895239447043 -1.031308150566042


# name: a
# type: range
# base, limit, increment
0 3 1


# name: ans
# type: matrix
# rows: 3
# columns: 1
 2
 6
 6


# name: book
# type: scalar
10


# name: v
# type: range
# base, limit, increment
10 0 -2


# name: w
# type: range
# base, limit, increment
5 10 1


# name: x
# type: range
# base, limit, increment
0 3.1415926535897931 0.031415926535897934


