# Created by Octave 6.1.0, Mon Feb 08 23:57:28 2021 GMT <unknown@DESKTOP-H35Q1LE>
# name: A1
# type: scalar
19


# name: A2
# type: scalar
71


# name: CDEF
# type: scalar
4011


# name: J1
# type: scalar
0.12217304763960307


# name: J2
# type: scalar
0.52359877559829882


# name: b
# type: scalar
0.93000000000000005


# name: fs
# type: scalar
1000


# name: t
# type: range
# base, limit, increment
-0.5 0.499 0.0015


# name: x1
# type: matrix
# rows: 1
# columns: 667
 -18.858376881183343 -18.517496874863397 -17.97776902421429 -17.24498912982434 -16.327026057745126 -15.233737240614564 -13.976862824869869 -12.569899600549682 -11.02795606781984 -9.3675901961622134 -7.6066316185746441 -5.7639901704421943 -3.8594528284998604 -1.9134712308986805 0.053057940311900774 2.0190173554087125 3.9632958029578118 5.8650148898743293 7.7037532415904648 9.4597657942543716 11.11419582475652 12.649277441393167 14.048526360517744 15.296916921094976 16.381043435851499 17.289264146659608 18.011826237999504 18.540970566431021 18.871014981206621 18.99841534128706 18.921803573701062 18.642002364422982 18.162016324038323 17.486999723134886 16.624201143807799 15.582885641598752 14.37423525393657 13.011228923157354 11.508503123782383 9.8821946904434732 8.1497675346430078 6.3298251106350394 4.4419106444344845 2.5062972714990113 0.54377033605119973 -1.4245958096976872 -3.3776641100040026 -5.2944617830371588 -7.1544055346031383 -8.9375225893919197 -10.624665165953234 -12.197716092905273 -13.639783357876096 -14.935381500382853 -16.070597900377571 -17.033242177280851 -17.812977094910224 -18.401429566507961 -18.792280568165783 -18.98133299486117 -18.966556730551346 -18.74811044831808 -18.328339906487138 -17.711752758962945 -16.904970150388621 -15.916655615779206 -14.757422048230643 -13.4397177337075 -11.977692676572472 -10.387046651686406 -8.6848606141190903 -6.8894132776200454 -5.0199848308077533 -3.0966498992814055 -1.1400619767773252 0.82876835995044651 2.7886990703636925 4.7186836815949738 6.5979972931468751 8.406459128804233 10.124649245362932 11.73411707125508 13.21757953583502 14.559106661321387 15.744292624984038 16.760410454336359 17.596548694026737 18.243728577234982 18.695000443018248 18.945518364411569 18.992592185766316 18.835716410692747 18.476575630246099 17.919026433170895 17.169055992393442 16.234717772526576 15.126045048669747 13.854943165426596 12.435061692801735 10.881647851898345 9.2113827846740772 7.4422024254692509 5.5931048982563496 3.6839465075103064 1.7352285139392194 -0.23212301585582509 -2.1969819214587702 -4.1382488090860132 -6.0350776249483946 -7.8670995079808499 -9.6146415183017542 -11.258937892759626 -12.782331558544724 -14.168463741704977 -15.402449633620172 -16.471038229782955 -17.362754624039994 -18.068023230438328 -18.579270609514026 -18.89100679465686 -18.999884245497991 -18.904733795028779 -18.606577204566225 -18.108616191685503 -17.416198048993493 -16.53675822285544 -15.479740468824199 -14.256495440980929 -12.880158804417047 -11.365510179451991 -9.7288144325395098 -7.9876470180641501 -6.1607052464009877 -4.2676075052874278 -2.3286825900717494 -0.36475140559635788 1.6030966166422942 3.5537299846025014 5.4662020637249746 7.3199760097179318 9.0951453008661911 10.772647501858264 12.334468963261056 13.763838258977612 15.04540628401824 16.165411079051768 17.111825611455735 17.874486926096598 18.445205279017305 18.817852081934355 18.988425713362943 18.955094489507196 18.718216333584383 18.280334932298306 17.646152420794532 16.822478889334029 15.818159254027345 14.643978276742303 13.312544754345637 11.838156120619464 10.236644915133846 8.5252087673964816 6.7222257222747857 4.8470568896912489 2.9198385376330918 0.96126586146546056 -1.0076292489921979 -2.9657040576711404 -4.891932021040212 -6.7656285789004293 -8.5666732730887034 -10.275725808469861 -11.874433736256119 -13.345629529605198 -14.673514934867619 -15.84383061927714 -16.844009292935414 -17.663310661171433 -18.292936757826467 -18.726126421113449 -18.958227897548809 -18.986748794200409 -18.811382842956156 -18.434013189344171 -17.858692170601717 -17.091597800151018 -16.140967425795981 -15.01700927393318 -13.731792829844448 -12.299119230947419 -10.734373065081872 -9.0543571649209689 -7.2771121729447188 -5.4217228141371239 -3.5081129570741139 -1.5568316639843125 0.41116747292588085 2.374751338888593 4.3128342320441515 6.2046042894996631 8.029746973073177 9.7686632143117151 11.402679876771034 12.914250275124191 14.287142598030931 15.506614211520763 16.559569970844535 17.434702841147573 18.122615316588334 18.615920334347191 18.909320599654034 18.999665470131355 18.885984788590324 18.569499300937192 18.053607547336835 17.343849367432551 16.44784641143767 15.375220295995904 14.13748928366784 12.747944595497675 11.221507684791025 9.5745700050847429 7.8248169924604731 5.9910381527378727 4.092925292566048 2.1508610615921779 0.18570007581265072 -1.7814550272417213 -3.7294801963557696 -5.6374568047724996 -7.4848962822068694 -9.2519601289458642 -10.919672948923727 -12.470126214764688 -13.886670576357352 -15.154094647673544 -16.258788352462176 -17.188889074322624 -17.934409042002251 -18.487342581741867 -18.841752085274763 -18.993831770100332 -18.941948547370373 -18.686659558639533 -18.230706193071612 -17.578984649336409 -16.738493358435345 -15.718257831889328 -14.529233742430829 -13.184189277784322 -11.697568031190503 -10.085333900619807 -8.3647996623376031 -6.5544410599723379 -4.673698404922253 -2.7427678190431366 -0.78238436096165143 1.1864006345778477 3.1424456139620731 5.0647458307643412 6.9326589024041141 8.7261264759506041 10.425889622195452 12.013695645393627 13.472494087394887 14.786619821973956 15.941961272905065 16.926111949235445 17.728503670945035 18.340520054003971 18.755589036383718 18.969253451265953 18.979218889822167 18.785378339431148 18.389813332803588 17.79677159572153 17.01262143336707 16.045783345010054 14.906639601603155 13.607422757000764 12.162084290234702 10.586144789182613 8.8965272848113361 7.1113755252401702 5.2498591412486402 3.3319677957608382 1.378296527204822 -0.59017540768903165 -2.5523098171734619 -4.4870365641285908 -6.3735798252224445 -8.1916811896107493 -9.9218172011716614 -11.545409008852074 -13.045021873297475 -14.404552387741738 -15.609401402286402 -16.646630795152618 -17.505102407140026 -18.175597647259274 -18.650916485504187 -18.925954769458574 -18.997759034619829 -18.865558219782422 -18.530771947013495 -17.996995277183711 -17.269960104887037 -16.357473607181355 -15.26933440721025 -14.017227352823959 -12.614598040403903 -11.076508430919652 -9.4194751089760729 -7.6612919213991972 -5.8208389003924932 -3.9178795225714165 -1.9728484812138243 -0.0066322510399171204 1.9596551987394975 3.904899134096885 5.8082107942773229 7.6491517029614178 9.4079531444161777 11.065728447485256 12.604675797580571 14.008269399386061 15.261436937009561 16.350721426263409 17.264425720688898 17.992738119992818 18.527837731798961 18.863978455254639 18.997550684876682 18.927120071840971 18.653442926550937 18.179458097099474 17.510255410811698 16.653021017781359 15.616960223225668 14.413198637546703 13.054662705311699 11.555940896146302 9.9331270484050869 8.2036475473910802 6.3860741943328314 4.499924775270669 2.5654534719223587 0.60343336457235452 -1.3650666371820197 -3.3189080400977446 -5.2371097605122587 -7.0990734270427769 -8.8848045737729358 -10.575127348150229 -12.15189042860632 -13.598161940348449 -14.898411276031798 -16.038675869373627 -17.006711130396081 -17.79212193250229 -18.386474239152712 -18.783385671786611 -18.978594046208741 -18.970003141484135 -18.757705209978042 -18.343979986715674 -17.733270208697725 -16.932133907163461 -15.949173984978602 -14.794945835362983 -13.481843994212538 -12.023969042846471 -10.436976190707545 -8.7379071637230634 -6.9450072040107882 -5.0775291454994047 -3.1555266698192357 -1.1996389621928143 0.76913091969456493 2.7296415845255764 4.6608403316641898 6.5419892227650758 8.3528877736911795 10.07408987484428 11.687112610920872 13.174634737225571 